-56.0 -90.7483443708609
-55.5 -90.2119205298013
-55.0 -89.6754966887417
-54.5 -89.1390728476821
-54.0 -88.6026490066225
-53.5 -88.0662251655629
-53.0 -87.5298013245033
-52.5 -86.9933774834437
-52.0 -86.4569536423841
-51.5 -85.9205298013245
-51.0 -85.3841059602649
-50.5 -84.8476821192053
-50.0 -84.3112582781457
-49.5 -83.7748344370861
-49.0 -83.2384105960265
-48.5 -82.7019867549669
-48.0 -82.1655629139073
-47.5 -81.6291390728477
-47.0 -81.0927152317881
-46.5 -80.5562913907285
-46.0 -80.0198675496689
-45.5 -79.4834437086093
-45.0 -78.9470198675497
-44.5 -78.4105960264901
-44.0 -77.8741721854305
-43.5 -77.3377483443709
-43.0 -76.8013245033112
-42.5 -76.2649006622516
-42.0 -75.728476821192
-41.5 -75.1920529801324
-41.0 -74.6556291390728
-40.5 -74.1192052980132
-40.0 -73.5827814569536
-39.5 -73.046357615894
-39.0 -72.5099337748344
-38.5 -71.9735099337748
-38.0 -71.4370860927152
-37.5 -70.9006622516556
-37.0 -70.364238410596
-36.5 -69.8278145695364
-36.0 -69.2913907284768
-35.5 -68.7549668874172
-35.0 -68.2185430463576
-34.5 -67.682119205298
-34.0 -67.1456953642384
-33.5 -66.6092715231788
-33.0 -66.0728476821192
-32.5 -65.5364238410596
-32.0 -65.0
-31.5 -64.4635761589404
-31.0 -63.9271523178808
-30.5 -63.3907284768212
-30.0 -62.8543046357616
-29.5 -62.317880794702
-29.0 -61.7814569536424
-28.5 -61.2450331125828
-28.0 -60.7086092715232
-27.5 -60.1721854304636
-27.0 -59.635761589404
-26.5 -59.0993377483444
-26.0 -58.5629139072848
-25.5 -58.0264900662252
-25.0 -57.4900662251656
-24.5 -56.953642384106
-24.0 -56.4172185430464
-23.5 -55.8807947019868
-23.0 -55.3443708609271
-22.5 -54.8079470198675
-22.0 -54.2715231788079
-21.5 -53.7350993377483
-21.0 -53.1986754966887
-20.5 -52.6622516556291
-20.0 -52.1258278145695
-19.5 -51.5894039735099
-19.0 -51.0529801324503
-18.5 -50.5165562913907
-18.0 -49.9801324503311
-17.5 -49.4437086092715
-17.0 -48.9072847682119
-16.5 -48.3708609271523
-16.0 -47.8344370860927
-15.5 -47.2980132450331
-15.0 -46.7615894039735
-14.5 -46.2251655629139
-14.0 -45.6887417218543
-13.5 -45.1523178807947
-13.0 -44.6158940397351
-12.5 -44.0794701986755
-12.0 -43.5430463576159
-11.5 -43.0066225165563
-11.0 -42.4701986754967
-10.5 -41.9337748344371
-10.0 -41.3973509933775
-9.5 -40.8609271523179
-9.0 -40.3245033112583
-8.5 -39.7880794701987
-8.0 -39.2516556291391
-7.5 -38.7152317880795
-7.0 -38.1788079470199
-6.5 -37.6423841059603
-6.0 -37.1059602649007
-5.5 -36.5695364238411
-5.0 -36.0331125827815
-4.5 -35.4966887417219
-4.0 -34.9602649006623
-3.5 -34.4238410596027
-3.0 -33.887417218543
-2.5 -33.3509933774834
-2.0 -32.8145695364238
-1.5 -32.2781456953642
-1.0 -31.7417218543046
-0.5 -31.205298013245
0.0 -30.6688741721854
0.5 -30.1324503311258
1.0 -29.5960264900662
1.5 -29.0596026490066
2.0 -28.523178807947
2.5 -27.9867549668874
3.0 -27.4503311258278
3.5 -26.9139072847682
4.0 -26.3774834437086
4.5 -25.841059602649
5.0 -25.3046357615894
5.5 -24.7682119205298
6.0 -24.2317880794702
6.5 -23.6953642384106
7.0 -23.158940397351
7.5 -22.6225165562914
8.0 -22.0860927152318
8.5 -21.5496688741722
9.0 -21.0132450331126
9.5 -20.476821192053
10.0 -19.9403973509934
10.5 -19.4039735099338
11.0 -18.8675496688742
11.5 -18.3311258278146
12.0 -17.794701986755
12.5 -17.2582781456954
13.0 -16.7218543046358
13.5 -16.1854304635762
14.0 -15.6490066225166
14.5 -15.112582781457
15.0 -14.5761589403974
15.5 -14.0397350993377
16.0 -13.5033112582781
16.5 -12.9668874172185
17.0 -12.4304635761589
17.5 -11.8940397350993
18.0 -11.3576158940397
18.5 -10.8211920529801
19.0 -10.2847682119205
19.5 -9.74834437086093
20.0 -9.21192052980133
20.5 -8.67549668874172
21.0 -8.13907284768212
21.5 -7.60264900662252
22.0 -7.06622516556292
22.5 -6.52980132450331
23.0 -5.99337748344371
23.5 -5.45695364238411
24.0 -4.9205298013245
24.5 -4.3841059602649
25.0 -3.8476821192053
25.5 -3.3112582781457
26.0 -2.77483443708609
26.5 -2.23841059602649
27.0 -1.70198675496689
27.5 -1.16556291390729
28.0 -0.629139072847682
28.5 -0.0927152317880804
29.0 0.443708609271521
29.5 0.980132450331126
30.0 1.51655629139072
30.5 2.05298013245033
31.0 2.58940397350993
31.5 3.12582781456954
32.0 3.66225165562914
32.5 4.19867549668874
33.0 4.73509933774834
33.5 5.27152317880794
34.0 5.80794701986755
34.5 6.34437086092715
35.0 6.88079470198675
35.5 7.41721854304636
36.0 7.95364238410596
36.5 8.49006622516556
37.0 9.02649006622516
37.5 9.56291390728477
38.0 10.0993377483444
38.5 10.635761589404
39.0 11.1721854304636
39.5 11.7086092715232
40.0 12.2450331125828
40.5 12.7814569536424
41.0 13.317880794702
41.5 13.8543046357616
42.0 14.3907284768212
42.5 14.9271523178808
43.0 15.4635761589404
43.5 16.0
44.0 16.5364238410596
44.5 17.0728476821192
45.0 17.6092715231788
45.5 18.1456953642384
46.0 18.682119205298
46.5 19.2185430463576
47.0 19.7549668874172
47.5 20.2913907284768
48.0 20.8278145695364
48.5 21.364238410596
49.0 21.9006622516556
49.5 22.4370860927152
50.0 22.9735099337748
50.5 23.5099337748344
51.0 24.046357615894
51.5 24.5827814569536
52.0 25.1192052980132
52.5 25.6556291390728
53.0 26.1920529801324
53.5 26.7284768211921
54.0 27.2649006622517
54.5 27.8013245033113
55.0 28.3377483443709
55.5 28.8741721854305
56.0 29.4105960264901
56.5 29.9470198675497
57.0 30.4834437086093
57.5 31.0198675496689
58.0 31.5562913907285
58.5 32.0927152317881
59.0 32.6291390728477
59.5 33.1655629139073
60.0 33.7019867549669
60.5 34.2384105960265
61.0 34.7748344370861
61.5 35.3112582781457
62.0 35.8476821192053
62.5 36.3841059602649
63.0 36.9205298013245
63.5 37.4569536423841
64.0 37.9933774834437
64.5 38.5298013245033
65.0 39.0662251655629
65.5 39.6026490066225
66.0 40.1390728476821
66.5 40.6754966887417
67.0 41.2119205298013
67.5 41.7483443708609
68.0 42.2847682119205
68.5 42.8211920529801
69.0 43.3576158940397
69.5 43.8940397350993
70.0 44.4304635761589
70.5 44.9668874172185
71.0 45.5033112582781
71.5 46.0397350993377
72.0 46.5761589403973
72.5 47.112582781457
73.0 47.6490066225166
73.5 48.1854304635762
74.0 48.7218543046358
74.5 49.2582781456954
75.0 49.794701986755
75.5 50.3311258278146
76.0 50.8675496688742
76.5 51.4039735099338
77.0 51.9403973509934
77.5 52.476821192053
78.0 53.0132450331126
78.5 53.5496688741722
79.0 54.0860927152318
79.5 54.6225165562914
80.0 55.158940397351
80.5 55.6953642384106
81.0 56.2317880794702
81.5 56.7682119205298
82.0 57.3046357615894
82.5 57.841059602649
83.0 58.3774834437086
83.5 58.9139072847682
84.0 59.4503311258278
84.5 59.9867549668874
85.0 60.523178807947
85.5 61.0596026490066
86.0 61.5960264900662
86.5 62.1324503311258
87.0 62.6688741721854
87.5 63.205298013245
88.0 63.7417218543046
88.5 64.2781456953642
89.0 64.8145695364238
89.5 65.3509933774834
90.0 65.887417218543
90.5 66.4238410596027
91.0 66.9602649006623
91.5 67.4966887417219
92.0 68.0331125827815
92.5 68.5695364238411
93.0 69.1059602649007
93.5 69.6423841059603
94.0 70.1788079470199
94.5 70.7152317880795
95.0 71.2516556291391
95.5 71.7880794701987
96.0 72.3245033112583
96.5 72.8609271523179
97.0 73.3973509933775
97.5 73.9337748344371
98.0 74.4701986754967
98.5 75.0066225165563
99.0 75.5430463576159
99.5 76.0794701986755
100.0 76.6158940397351
100.5 77.1523178807947
101.0 77.6887417218543
101.5 78.2251655629139
102.0 78.7615894039735
102.5 79.2980132450331
103.0 79.8344370860927
103.5 80.3708609271523
104.0 80.9072847682119
104.5 81.4437086092715
105.0 81.9801324503311
105.5 82.5165562913907
106.0 83.0529801324503
106.5 83.5894039735099
107.0 84.1258278145695
107.5 84.6622516556291
108.0 85.1986754966887
108.5 85.7350993377483
109.0 86.2715231788079
109.5 86.8079470198675
110.0 87.3443708609271
110.5 87.8807947019868
111.0 88.4172185430464
111.5 88.953642384106
112.0 89.4900662251656
112.5 90.0264900662252
113.0 90.5629139072848
113.5 91.0993377483444
114.0 91.635761589404
114.5 92.1721854304636
115.0 92.7086092715232
115.5 93.2450331125828
116.0 93.7814569536424
116.5 94.317880794702
117.0 94.8543046357616
117.5 95.3907284768212
118.0 95.9271523178808
118.5 96.4635761589404
119.0 97.0
119.5 96.46
120.0 95.92
120.5 95.38
121.0 94.84
121.5 94.3
122.0 93.76
122.5 93.22
123.0 92.68
123.5 92.14
124.0 91.6
124.5 91.06
125.0 90.52
125.5 89.98
126.0 89.44
126.5 88.9
127.0 88.36
127.5 87.82
128.0 87.28
128.5 86.74
129.0 86.2
129.5 85.66
130.0 85.12
130.5 84.58
131.0 84.04
131.5 83.5
132.0 82.96
132.5 82.42
133.0 81.88
133.5 81.34
134.0 80.8
134.5 80.26
135.0 79.72
135.5 79.18
136.0 78.64
136.5 78.1
137.0 77.56
137.5 77.02
138.0 76.48
138.5 75.94
139.0 75.4
139.5 74.86
140.0 74.32
140.5 73.78
141.0 73.24
141.5 72.7
142.0 72.16
142.5 71.62
143.0 71.08
143.5 70.54
144.0 70.0
144.5 69.46
145.0 68.92
145.5 68.38
146.0 67.84
146.5 67.3
147.0 66.76
147.5 66.22
148.0 65.68
148.5 65.14
149.0 64.6
149.5 64.06
150.0 63.52
150.5 62.98
151.0 62.44
151.5 61.9
152.0 61.36
152.5 60.82
153.0 60.28
153.5 59.74
154.0 59.2
154.5 58.66
155.0 58.12
155.5 57.58
156.0 57.04
156.5 56.5
157.0 55.96
157.5 55.42
158.0 54.88
158.5 54.34
159.0 53.8
159.5 53.26
160.0 52.72
160.5 52.18
161.0 51.64
161.5 51.1
162.0 50.56
162.5 50.02
163.0 49.48
163.5 48.94
164.0 48.4
164.5 47.86
165.0 47.32
165.5 46.78
166.0 46.24
166.5 45.7
167.0 45.16
167.5 44.62
168.0 44.08
168.5 43.54
169.0 43.0
169.5 43.5645161290323
170.0 44.1290322580645
170.5 44.6935483870968
171.0 45.258064516129
171.5 45.8225806451613
172.0 46.3870967741935
172.5 46.9516129032258
173.0 47.516129032258
173.5 48.0806451612903
174.0 48.6451612903226
174.5 49.2096774193548
175.0 49.7741935483871
175.5 50.3387096774194
176.0 50.9032258064516
176.5 51.4677419354839
177.0 52.0322580645161
177.5 52.5967741935484
178.0 53.1612903225806
178.5 53.7258064516129
179.0 54.2903225806452
179.5 54.8548387096774
180.0 55.4193548387097
180.5 55.9838709677419
181.0 56.5483870967742
181.5 57.1129032258065
182.0 57.6774193548387
182.5 58.241935483871
183.0 58.8064516129032
183.5 59.3709677419355
184.0 59.9354838709677
184.5 60.5
185.0 61.0645161290323
185.5 61.6290322580645
186.0 62.1935483870968
186.5 62.758064516129
187.0 63.3225806451613
187.5 63.8870967741935
188.0 64.4516129032258
188.5 65.0161290322581
189.0 65.5806451612903
189.5 66.1451612903226
190.0 66.7096774193548
190.5 67.2741935483871
191.0 67.8387096774194
191.5 68.4032258064516
192.0 68.9677419354839
192.5 69.5322580645161
193.0 70.0967741935484
193.5 70.6612903225806
194.0 71.2258064516129
194.5 71.7903225806452
195.0 72.3548387096774
195.5 72.9193548387097
196.0 73.483870967742
196.5 74.0483870967742
197.0 74.6129032258065
197.5 75.1774193548387
198.0 75.741935483871
198.5 76.3064516129032
199.0 76.8709677419355
199.5 77.4354838709677
200.0 78.0
200.5 78.5645161290323
201.0 79.1290322580645
201.5 79.6935483870968
202.0 80.258064516129
202.5 80.8225806451613
203.0 81.3870967741936
203.5 81.9516129032258
204.0 82.5161290322581
204.5 83.0806451612903
205.0 83.6451612903226
205.5 84.2096774193548
206.0 84.7741935483871
206.5 85.3387096774194
207.0 85.9032258064516
207.5 86.4677419354839
208.0 87.0322580645161
208.5 87.5967741935484
209.0 88.1612903225806
209.5 88.7258064516129
210.0 89.2903225806452
210.5 89.8548387096774
211.0 90.4193548387097
211.5 90.983870967742
212.0 91.5483870967742
212.5 92.1129032258065
213.0 92.6774193548387
213.5 93.241935483871
214.0 93.8064516129032
214.5 94.3709677419355
215.0 94.9354838709677
215.5 95.5
216.0 96.0645161290323
216.5 96.6290322580645
217.0 97.1935483870968
217.5 97.7580645161291
218.0 98.3225806451613
218.5 98.8870967741936
219.0 99.4516129032258
219.5 100.016129032258
220.0 100.58064516129
220.5 101.145161290323
221.0 101.709677419355
221.5 102.274193548387
222.0 102.838709677419
222.5 103.403225806452
223.0 103.967741935484
223.5 104.532258064516
224.0 105.096774193548
224.5 105.661290322581
225.0 106.225806451613
225.5 106.790322580645
226.0 107.354838709677
226.5 107.91935483871
227.0 108.483870967742
227.5 109.048387096774
228.0 109.612903225806
228.5 110.177419354839
229.0 110.741935483871
229.5 111.306451612903
230.0 111.870967741935
230.5 112.435483870968
231.0 113.0
231.5 113.564516129032
232.0 114.129032258065
