-56.0 72.0
-55.5 71.4642857142857
-55.0 70.9285714285714
-54.5 70.3928571428571
-54.0 69.8571428571428
-53.5 69.3214285714286
-53.0 68.7857142857143
-52.5 68.25
-52.0 67.7142857142857
-51.5 67.1785714285714
-51.0 66.6428571428571
-50.5 66.1071428571428
-50.0 65.5714285714286
-49.5 65.0357142857143
-49.0 64.5
-48.5 63.9642857142857
-48.0 63.4285714285714
-47.5 62.8928571428571
-47.0 62.3571428571429
-46.5 61.8214285714286
-46.0 61.2857142857143
-45.5 60.75
-45.0 60.2142857142857
-44.5 59.6785714285714
-44.0 59.1428571428571
-43.5 58.6071428571429
-43.0 58.0714285714286
-42.5 57.5357142857143
-42.0 57.0
-41.5 56.4642857142857
-41.0 55.9285714285714
-40.5 55.3928571428571
-40.0 54.8571428571429
-39.5 54.3214285714286
-39.0 53.7857142857143
-38.5 53.25
-38.0 52.7142857142857
-37.5 52.1785714285714
-37.0 51.6428571428571
-36.5 51.1071428571429
-36.0 50.5714285714286
-35.5 50.0357142857143
-35.0 49.5
-34.5 48.9642857142857
-34.0 48.4285714285714
-33.5 47.8928571428571
-33.0 47.3571428571429
-32.5 46.8214285714286
-32.0 46.2857142857143
-31.5 45.75
-31.0 45.2142857142857
-30.5 44.6785714285714
-30.0 44.1428571428571
-29.5 43.6071428571429
-29.0 43.0714285714286
-28.5 42.5357142857143
-28.0 42.0
-27.5 41.4642857142857
-27.0 40.9285714285714
-26.5 40.3928571428571
-26.0 39.8571428571429
-25.5 39.3214285714286
-25.0 38.7857142857143
-24.5 38.25
-24.0 37.7142857142857
-23.5 37.1785714285714
-23.0 36.6428571428571
-22.5 36.1071428571429
-22.0 35.5714285714286
-21.5 35.0357142857143
-21.0 34.5
-20.5 33.9642857142857
-20.0 33.4285714285714
-19.5 32.8928571428571
-19.0 32.3571428571429
-18.5 31.8214285714286
-18.0 31.2857142857143
-17.5 30.75
-17.0 30.2142857142857
-16.5 29.6785714285714
-16.0 29.1428571428571
-15.5 28.6071428571429
-15.0 28.0714285714286
-14.5 27.5357142857143
-14.0 27.0
-13.5 27.5588235294118
-13.0 28.1176470588235
-12.5 28.6764705882353
-12.0 29.2352941176471
-11.5 29.7941176470588
-11.0 30.3529411764706
-10.5 30.9117647058824
-10.0 31.4705882352941
-9.5 32.0294117647059
-9.0 32.5882352941177
-8.5 33.1470588235294
-8.0 33.7058823529412
-7.5 34.2647058823529
-7.0 34.8235294117647
-6.5 35.3823529411765
-6.0 35.9411764705882
-5.5 36.5
-5.0 37.0588235294118
-4.5 37.6176470588235
-4.0 38.1764705882353
-3.5 38.7352941176471
-3.0 39.2941176470588
-2.5 39.8529411764706
-2.0 40.4117647058824
-1.5 40.9705882352941
-1.0 41.5294117647059
-0.5 42.0882352941176
0.0 42.6470588235294
0.5 43.2058823529412
1.0 43.7647058823529
1.5 44.3235294117647
2.0 44.8823529411765
2.5 45.4411764705882
3.0 46.0
3.5 46.5588235294118
4.0 47.1176470588235
4.5 47.6764705882353
5.0 48.2352941176471
5.5 48.7941176470588
6.0 49.3529411764706
6.5 49.9117647058824
7.0 50.4705882352941
7.5 51.0294117647059
8.0 51.5882352941177
8.5 52.1470588235294
9.0 52.7058823529412
9.5 53.2647058823529
10.0 53.8235294117647
10.5 54.3823529411765
11.0 54.9411764705882
11.5 55.5
12.0 56.0588235294118
12.5 56.6176470588235
13.0 57.1764705882353
13.5 57.7352941176471
14.0 58.2941176470588
14.5 58.8529411764706
15.0 59.4117647058824
15.5 59.9705882352941
16.0 60.5294117647059
16.5 61.0882352941177
17.0 61.6470588235294
17.5 62.2058823529412
18.0 62.7647058823529
18.5 63.3235294117647
19.0 63.8823529411765
19.5 64.4411764705882
20.0 65.0
20.5 65.5588235294118
21.0 66.1176470588235
21.5 66.6764705882353
22.0 67.2352941176471
22.5 67.7941176470588
23.0 68.3529411764706
23.5 68.9117647058823
24.0 69.4705882352941
24.5 70.0294117647059
25.0 70.5882352941177
25.5 71.1470588235294
26.0 71.7058823529412
26.5 72.2647058823529
27.0 72.8235294117647
27.5 73.3823529411765
28.0 73.9411764705882
28.5 74.5
29.0 75.0588235294118
29.5 75.6176470588235
30.0 76.1764705882353
30.5 76.7352941176471
31.0 77.2941176470588
31.5 77.8529411764706
32.0 78.4117647058823
32.5 78.9705882352941
33.0 79.5294117647059
33.5 80.0882352941177
34.0 80.6470588235294
34.5 81.2058823529412
35.0 81.7647058823529
35.5 82.3235294117647
36.0 82.8823529411765
36.5 83.4411764705882
37.0 84.0
37.5 84.5588235294118
38.0 85.1176470588235
38.5 85.6764705882353
39.0 86.2352941176471
39.5 86.7941176470588
40.0 87.3529411764706
40.5 87.9117647058823
41.0 88.4705882352941
41.5 89.0294117647059
42.0 89.5882352941177
42.5 90.1470588235294
43.0 90.7058823529412
43.5 91.2647058823529
44.0 91.8235294117647
44.5 92.3823529411765
45.0 92.9411764705882
45.5 93.5
46.0 94.0588235294118
46.5 94.6176470588235
47.0 95.1764705882353
47.5 95.7352941176471
48.0 96.2941176470588
48.5 96.8529411764706
49.0 97.4117647058823
49.5 97.9705882352941
50.0 98.5294117647059
50.5 99.0882352941177
51.0 99.6470588235294
51.5 100.205882352941
52.0 100.764705882353
52.5 101.323529411765
53.0 101.882352941176
53.5 102.441176470588
54.0 103.0
54.5 103.558823529412
55.0 104.117647058824
55.5 104.676470588235
56.0 105.235294117647
56.5 105.794117647059
57.0 106.352941176471
57.5 106.911764705882
58.0 107.470588235294
58.5 108.029411764706
59.0 108.588235294118
59.5 109.147058823529
60.0 109.705882352941
60.5 110.264705882353
61.0 110.823529411765
61.5 111.382352941176
62.0 111.941176470588
62.5 112.5
63.0 113.058823529412
63.5 113.617647058824
64.0 114.176470588235
64.5 114.735294117647
65.0 115.294117647059
65.5 115.852941176471
66.0 116.411764705882
66.5 116.970588235294
67.0 117.529411764706
67.5 118.088235294118
68.0 118.647058823529
68.5 119.205882352941
69.0 119.764705882353
69.5 120.323529411765
70.0 120.882352941176
70.5 121.441176470588
71.0 122.0
71.5 121.5
72.0 121.0
72.5 120.5
73.0 120.0
73.5 119.5
74.0 119.0
74.5 118.5
75.0 118.0
75.5 117.5
76.0 117.0
76.5 116.5
77.0 116.0
77.5 115.5
78.0 115.0
78.5 114.5
79.0 114.0
79.5 113.5
80.0 113.0
80.5 112.5
81.0 112.0
81.5 111.5
82.0 111.0
82.5 110.5
83.0 110.0
83.5 109.5
84.0 109.0
84.5 108.5
85.0 108.0
85.5 107.5
86.0 107.0
86.5 106.5
87.0 106.0
87.5 105.5
88.0 105.0
88.5 104.5
89.0 104.0
89.5 103.5
90.0 103.0
90.5 102.5
91.0 102.0
91.5 101.5
92.0 101.0
92.5 101.676136363636
93.0 102.352272727273
93.5 103.028409090909
94.0 103.704545454545
94.5 104.380681818182
95.0 105.056818181818
95.5 105.732954545455
96.0 106.409090909091
96.5 107.085227272727
97.0 107.761363636364
97.5 108.4375
98.0 109.113636363636
98.5 109.789772727273
99.0 110.465909090909
99.5 111.142045454545
100.0 111.818181818182
100.5 112.494318181818
101.0 113.170454545455
101.5 113.846590909091
102.0 114.522727272727
102.5 115.198863636364
103.0 115.875
103.5 116.551136363636
104.0 117.227272727273
104.5 117.903409090909
105.0 118.579545454545
105.5 119.255681818182
106.0 119.931818181818
106.5 120.607954545455
107.0 121.284090909091
107.5 121.960227272727
108.0 122.636363636364
108.5 123.3125
109.0 123.988636363636
109.5 124.664772727273
110.0 125.340909090909
110.5 126.017045454545
111.0 126.693181818182
111.5 127.369318181818
112.0 128.045454545455
112.5 128.721590909091
113.0 129.397727272727
113.5 130.073863636364
114.0 130.75
114.5 131.426136363636
115.0 132.102272727273
115.5 132.778409090909
116.0 133.454545454545
116.5 134.130681818182
117.0 134.806818181818
117.5 135.482954545455
118.0 136.159090909091
118.5 136.835227272727
119.0 137.511363636364
119.5 138.1875
120.0 138.863636363636
120.5 139.539772727273
121.0 140.215909090909
121.5 140.892045454545
122.0 141.568181818182
122.5 142.244318181818
123.0 142.920454545455
123.5 143.596590909091
124.0 144.272727272727
124.5 144.948863636364
125.0 145.625
125.5 146.301136363636
126.0 146.977272727273
126.5 147.653409090909
127.0 148.329545454545
127.5 149.005681818182
128.0 149.681818181818
128.5 150.357954545455
129.0 151.034090909091
129.5 151.710227272727
130.0 152.386363636364
130.5 153.0625
131.0 153.738636363636
131.5 154.414772727273
132.0 155.090909090909
132.5 155.767045454545
133.0 156.443181818182
133.5 157.119318181818
134.0 157.795454545455
134.5 158.471590909091
135.0 159.147727272727
135.5 159.823863636364
136.0 160.5
136.5 161.176136363636
137.0 161.852272727273
137.5 162.528409090909
138.0 163.204545454545
138.5 163.880681818182
139.0 164.556818181818
139.5 165.232954545455
140.0 165.909090909091
140.5 166.585227272727
141.0 167.261363636364
141.5 167.9375
142.0 168.613636363636
142.5 169.289772727273
143.0 169.965909090909
143.5 170.642045454545
144.0 171.318181818182
144.5 171.994318181818
145.0 172.670454545455
145.5 173.346590909091
146.0 174.022727272727
146.5 174.698863636364
147.0 175.375
147.5 176.051136363636
148.0 176.727272727273
148.5 177.403409090909
149.0 178.079545454545
149.5 178.755681818182
150.0 179.431818181818
150.5 180.107954545455
151.0 180.784090909091
151.5 181.460227272727
152.0 182.136363636364
152.5 182.8125
153.0 183.488636363636
153.5 184.164772727273
154.0 184.840909090909
154.5 185.517045454545
155.0 186.193181818182
155.5 186.869318181818
156.0 187.545454545455
156.5 188.221590909091
157.0 188.897727272727
157.5 189.573863636364
158.0 190.25
158.5 190.926136363636
159.0 191.602272727273
159.5 192.278409090909
160.0 192.954545454545
160.5 193.630681818182
161.0 194.306818181818
161.5 194.982954545455
162.0 195.659090909091
162.5 196.335227272727
163.0 197.011363636364
163.5 197.6875
164.0 198.363636363636
164.5 199.039772727273
165.0 199.715909090909
165.5 200.392045454545
166.0 201.068181818182
166.5 201.744318181818
167.0 202.420454545455
167.5 203.096590909091
168.0 203.772727272727
168.5 204.448863636364
169.0 205.125
169.5 205.801136363636
170.0 206.477272727273
170.5 207.153409090909
171.0 207.829545454545
171.5 208.505681818182
172.0 209.181818181818
172.5 209.857954545455
173.0 210.534090909091
173.5 211.210227272727
174.0 211.886363636364
174.5 212.5625
175.0 213.238636363636
175.5 213.914772727273
176.0 214.590909090909
176.5 215.267045454545
177.0 215.943181818182
177.5 216.619318181818
178.0 217.295454545455
178.5 217.971590909091
179.0 218.647727272727
179.5 219.323863636364
180.0 220.0
180.5 220.676136363636
181.0 221.352272727273
181.5 222.028409090909
182.0 222.704545454545
182.5 223.380681818182
183.0 224.056818181818
183.5 224.732954545455
184.0 225.409090909091
184.5 226.085227272727
185.0 226.761363636364
185.5 227.4375
186.0 228.113636363636
186.5 228.789772727273
187.0 229.465909090909
187.5 230.142045454545
188.0 230.818181818182
188.5 231.494318181818
189.0 232.170454545455
189.5 232.846590909091
190.0 233.522727272727
190.5 234.198863636364
191.0 234.875
191.5 235.551136363636
192.0 236.227272727273
192.5 236.903409090909
193.0 237.579545454545
193.5 238.255681818182
194.0 238.931818181818
194.5 239.607954545455
195.0 240.284090909091
195.5 240.960227272727
196.0 241.636363636364
196.5 242.3125
197.0 242.988636363636
197.5 243.664772727273
198.0 244.340909090909
198.5 245.017045454545
199.0 245.693181818182
199.5 246.369318181818
200.0 247.045454545455
200.5 247.721590909091
201.0 248.397727272727
201.5 249.073863636364
202.0 249.75
202.5 250.426136363636
203.0 251.102272727273
203.5 251.778409090909
204.0 252.454545454545
204.5 253.130681818182
205.0 253.806818181818
205.5 254.482954545455
206.0 255.159090909091
206.5 255.835227272727
207.0 256.511363636364
207.5 257.1875
208.0 257.863636363636
208.5 258.539772727273
209.0 259.215909090909
209.5 259.892045454545
210.0 260.568181818182
210.5 261.244318181818
211.0 261.920454545455
211.5 262.596590909091
212.0 263.272727272727
212.5 263.948863636364
213.0 264.625
213.5 265.301136363636
214.0 265.977272727273
214.5 266.653409090909
215.0 267.329545454545
215.5 268.005681818182
216.0 268.681818181818
216.5 269.357954545455
217.0 270.034090909091
217.5 270.710227272727
218.0 271.386363636364
218.5 272.0625
219.0 272.738636363636
219.5 273.414772727273
220.0 274.090909090909
220.5 274.767045454545
221.0 275.443181818182
221.5 276.119318181818
222.0 276.795454545455
222.5 277.471590909091
223.0 278.147727272727
223.5 278.823863636364
224.0 279.5
224.5 280.176136363636
225.0 280.852272727273
225.5 281.528409090909
226.0 282.204545454545
226.5 282.880681818182
227.0 283.556818181818
227.5 284.232954545455
228.0 284.909090909091
228.5 285.585227272727
229.0 286.261363636364
229.5 286.9375
230.0 287.613636363636
230.5 288.289772727273
231.0 288.965909090909
231.5 289.642045454545
232.0 290.318181818182
