-56.0 143.0
-55.5 142.442567567568
-55.0 141.885135135135
-54.5 141.327702702703
-54.0 140.77027027027
-53.5 140.212837837838
-53.0 139.655405405405
-52.5 139.097972972973
-52.0 138.540540540541
-51.5 137.983108108108
-51.0 137.425675675676
-50.5 136.868243243243
-50.0 136.310810810811
-49.5 135.753378378378
-49.0 135.195945945946
-48.5 134.638513513514
-48.0 134.081081081081
-47.5 133.523648648649
-47.0 132.966216216216
-46.5 132.408783783784
-46.0 131.851351351351
-45.5 131.293918918919
-45.0 130.736486486487
-44.5 130.179054054054
-44.0 129.621621621622
-43.5 129.064189189189
-43.0 128.506756756757
-42.5 127.949324324324
-42.0 127.391891891892
-41.5 126.834459459459
-41.0 126.277027027027
-40.5 125.719594594595
-40.0 125.162162162162
-39.5 124.60472972973
-39.0 124.047297297297
-38.5 123.489864864865
-38.0 122.932432432432
-37.5 122.375
-37.0 121.817567567568
-36.5 121.260135135135
-36.0 120.702702702703
-35.5 120.14527027027
-35.0 119.587837837838
-34.5 119.030405405405
-34.0 118.472972972973
-33.5 117.915540540541
-33.0 117.358108108108
-32.5 116.800675675676
-32.0 116.243243243243
-31.5 115.685810810811
-31.0 115.128378378378
-30.5 114.570945945946
-30.0 114.013513513514
-29.5 113.456081081081
-29.0 112.898648648649
-28.5 112.341216216216
-28.0 111.783783783784
-27.5 111.226351351351
-27.0 110.668918918919
-26.5 110.111486486486
-26.0 109.554054054054
-25.5 108.996621621622
-25.0 108.439189189189
-24.5 107.881756756757
-24.0 107.324324324324
-23.5 106.766891891892
-23.0 106.209459459459
-22.5 105.652027027027
-22.0 105.094594594595
-21.5 104.537162162162
-21.0 103.97972972973
-20.5 103.422297297297
-20.0 102.864864864865
-19.5 102.307432432432
-19.0 101.75
-18.5 101.192567567568
-18.0 100.635135135135
-17.5 100.077702702703
-17.0 99.5202702702703
-16.5 98.9628378378379
-16.0 98.4054054054054
-15.5 97.847972972973
-15.0 97.2905405405405
-14.5 96.7331081081081
-14.0 96.1756756756757
-13.5 95.6182432432433
-13.0 95.0608108108108
-12.5 94.5033783783784
-12.0 93.945945945946
-11.5 93.3885135135135
-11.0 92.8310810810811
-10.5 92.2736486486487
-10.0 91.7162162162162
-9.5 91.1587837837838
-9.0 90.6013513513514
-8.5 90.0439189189189
-8.0 89.4864864864865
-7.5 88.9290540540541
-7.0 88.3716216216216
-6.5 87.8141891891892
-6.0 87.2567567567568
-5.5 86.6993243243243
-5.0 86.1418918918919
-4.5 85.5844594594595
-4.0 85.027027027027
-3.5 84.4695945945946
-3.0 83.9121621621622
-2.5 83.3547297297297
-2.0 82.7972972972973
-1.5 82.2398648648649
-1.0 81.6824324324324
-0.5 81.125
0.0 80.5675675675676
0.5 80.0101351351351
1.0 79.4527027027027
1.5 78.8952702702703
2.0 78.3378378378379
2.5 77.7804054054054
3.0 77.222972972973
3.5 76.6655405405405
4.0 76.1081081081081
4.5 75.5506756756757
5.0 74.9932432432433
5.5 74.4358108108108
6.0 73.8783783783784
6.5 73.320945945946
7.0 72.7635135135135
7.5 72.2060810810811
8.0 71.6486486486487
8.5 71.0912162162162
9.0 70.5337837837838
9.5 69.9763513513514
10.0 69.4189189189189
10.5 68.8614864864865
11.0 68.3040540540541
11.5 67.7466216216216
12.0 67.1891891891892
12.5 66.6317567567568
13.0 66.0743243243243
13.5 65.5168918918919
14.0 64.9594594594595
14.5 64.402027027027
15.0 63.8445945945946
15.5 63.2871621621622
16.0 62.7297297297297
16.5 62.1722972972973
17.0 61.6148648648649
17.5 61.0574324324324
18.0 60.5
18.5 59.9425675675676
19.0 59.3851351351351
19.5 58.8277027027027
20.0 58.2702702702703
20.5 57.7128378378379
21.0 57.1554054054054
21.5 56.597972972973
22.0 56.0405405405405
22.5 55.4831081081081
23.0 54.9256756756757
23.5 54.3682432432433
24.0 53.8108108108108
24.5 53.2533783783784
25.0 52.695945945946
25.5 52.1385135135135
26.0 51.5810810810811
26.5 51.0236486486487
27.0 50.4662162162162
27.5 49.9087837837838
28.0 49.3513513513514
28.5 48.7939189189189
29.0 48.2364864864865
29.5 47.6790540540541
30.0 47.1216216216216
30.5 46.5641891891892
31.0 46.0067567567568
31.5 45.4493243243243
32.0 44.8918918918919
32.5 44.3344594594595
33.0 43.777027027027
33.5 43.2195945945946
34.0 42.6621621621622
34.5 42.1047297297297
35.0 41.5472972972973
35.5 40.9898648648649
36.0 40.4324324324324
36.5 39.875
37.0 39.3175675675676
37.5 38.7601351351351
38.0 38.2027027027027
38.5 37.6452702702703
39.0 37.0878378378378
39.5 36.5304054054054
40.0 35.972972972973
40.5 35.4155405405405
41.0 34.8581081081081
41.5 34.3006756756757
42.0 33.7432432432433
42.5 33.1858108108108
43.0 32.6283783783784
43.5 32.070945945946
44.0 31.5135135135135
44.5 30.9560810810811
45.0 30.3986486486487
45.5 29.8412162162162
46.0 29.2837837837838
46.5 28.7263513513514
47.0 28.1689189189189
47.5 27.6114864864865
48.0 27.0540540540541
48.5 26.4966216216216
49.0 25.9391891891892
49.5 25.3817567567568
50.0 24.8243243243243
50.5 24.2668918918919
51.0 23.7094594594595
51.5 23.152027027027
52.0 22.5945945945946
52.5 22.0371621621622
53.0 21.4797297297297
53.5 20.9222972972973
54.0 20.3648648648649
54.5 19.8074324324324
55.0 19.25
55.5 18.6925675675676
56.0 18.1351351351351
56.5 17.5777027027027
57.0 17.0202702702703
57.5 16.4628378378379
58.0 15.9054054054054
58.5 15.347972972973
59.0 14.7905405405405
59.5 14.2331081081081
60.0 13.6756756756757
60.5 13.1182432432433
61.0 12.5608108108108
61.5 12.0033783783784
62.0 11.445945945946
62.5 10.8885135135135
63.0 10.3310810810811
63.5 9.77364864864866
64.0 9.21621621621622
64.5 8.65878378378379
65.0 8.10135135135135
65.5 7.54391891891893
66.0 6.9864864864865
66.5 6.42905405405406
67.0 5.87162162162163
67.5 5.31418918918919
68.0 4.75675675675677
68.5 4.19932432432434
69.0 3.6418918918919
69.5 3.08445945945947
70.0 2.52702702702703
70.5 1.9695945945946
71.0 1.41216216216218
71.5 0.85472972972974
72.0 0.297297297297305
72.5 -0.26013513513513
73.0 -0.817567567567565
73.5 -1.37499999999999
74.0 -1.93243243243242
74.5 -2.48986486486486
75.0 -3.04729729729729
75.5 -3.60472972972973
76.0 -4.16216216216216
76.5 -4.71959459459458
77.0 -5.27702702702702
77.5 -5.83445945945945
78.0 -6.39189189189189
78.5 -6.94932432432432
79.0 -7.50675675675674
79.5 -8.06418918918918
80.0 -8.62162162162161
80.5 -9.17905405405405
81.0 -9.73648648648648
81.5 -10.2939189189189
82.0 -10.8513513513513
82.5 -11.4087837837838
83.0 -11.9662162162162
83.5 -12.5236486486486
84.0 -13.0810810810811
84.5 -13.6385135135135
85.0 -14.1959459459459
85.5 -14.7533783783784
86.0 -15.3108108108108
86.5 -15.8682432432432
87.0 -16.4256756756757
87.5 -16.9831081081081
88.0 -17.5405405405405
88.5 -18.097972972973
89.0 -18.6554054054054
89.5 -19.2128378378378
90.0 -19.7702702702703
90.5 -20.3277027027027
91.0 -20.8851351351351
91.5 -21.4425675675676
92.0 -22.0
92.5 -21.4464285714286
93.0 -20.8928571428572
93.5 -20.3392857142857
94.0 -19.7857142857143
94.5 -19.2321428571429
95.0 -18.6785714285714
95.5 -18.125
96.0 -17.5714285714286
96.5 -17.0178571428572
97.0 -16.4642857142857
97.5 -15.9107142857143
98.0 -15.3571428571429
98.5 -14.8035714285714
99.0 -14.25
99.5 -13.6964285714286
100.0 -13.1428571428572
100.5 -12.5892857142857
101.0 -12.0357142857143
101.5 -11.4821428571429
102.0 -10.9285714285714
102.5 -10.375
103.0 -9.82142857142857
103.5 -9.26785714285714
104.0 -8.71428571428572
104.5 -8.16071428571429
105.0 -7.60714285714286
105.5 -7.05357142857143
106.0 -6.5
106.5 -5.94642857142857
107.0 -5.39285714285714
107.5 -4.83928571428572
108.0 -4.28571428571429
108.5 -3.73214285714286
109.0 -3.17857142857143
109.5 -2.625
110.0 -2.07142857142857
110.5 -1.51785714285714
111.0 -0.964285714285708
111.5 -0.410714285714292
112.0 0.142857142857139
112.5 0.696428571428569
113.0 1.25
113.5 1.80357142857143
114.0 2.35714285714286
114.5 2.91071428571429
115.0 3.46428571428571
115.5 4.01785714285714
116.0 4.57142857142858
116.5 5.125
117.0 5.67857142857142
117.5 6.23214285714286
118.0 6.78571428571428
118.5 7.33928571428572
119.0 7.89285714285714
119.5 8.44642857142858
120.0 9.0
120.5 9.55357142857142
121.0 10.1071428571429
121.5 10.6607142857143
122.0 11.2142857142857
122.5 11.7678571428571
123.0 12.3214285714286
123.5 12.875
124.0 13.4285714285714
124.5 13.9821428571429
125.0 14.5357142857143
125.5 15.0892857142857
126.0 15.6428571428571
126.5 16.1964285714286
127.0 16.75
127.5 17.3035714285714
128.0 17.8571428571429
128.5 18.4107142857143
129.0 18.9642857142857
129.5 19.5178571428571
130.0 20.0714285714286
130.5 20.625
131.0 21.1785714285714
131.5 21.7321428571429
132.0 22.2857142857143
132.5 22.8392857142857
133.0 23.3928571428571
133.5 23.9464285714286
134.0 24.5
134.5 25.0535714285714
135.0 25.6071428571429
135.5 26.1607142857143
136.0 26.7142857142857
136.5 27.2678571428571
137.0 27.8214285714286
137.5 28.375
138.0 28.9285714285714
138.5 29.4821428571429
139.0 30.0357142857143
139.5 30.5892857142857
140.0 31.1428571428571
140.5 31.6964285714286
141.0 32.25
141.5 32.8035714285714
142.0 33.3571428571429
142.5 33.9107142857143
143.0 34.4642857142857
143.5 35.0178571428571
144.0 35.5714285714286
144.5 36.125
145.0 36.6785714285714
145.5 37.2321428571429
146.0 37.7857142857143
146.5 38.3392857142857
147.0 38.8928571428571
147.5 39.4464285714286
148.0 40.0
148.5 39.4404761904762
149.0 38.8809523809524
149.5 38.3214285714286
150.0 37.7619047619048
150.5 37.2023809523809
151.0 36.6428571428571
151.5 36.0833333333333
152.0 35.5238095238095
152.5 34.9642857142857
153.0 34.4047619047619
153.5 33.8452380952381
154.0 33.2857142857143
154.5 32.7261904761905
155.0 32.1666666666667
155.5 31.6071428571429
156.0 31.047619047619
156.5 30.4880952380952
157.0 29.9285714285714
157.5 29.3690476190476
158.0 28.8095238095238
158.5 28.25
159.0 27.6904761904762
159.5 27.1309523809524
160.0 26.5714285714286
160.5 26.0119047619048
161.0 25.4523809523809
161.5 24.8928571428571
162.0 24.3333333333333
162.5 23.7738095238095
163.0 23.2142857142857
163.5 22.6547619047619
164.0 22.0952380952381
164.5 21.5357142857143
165.0 20.9761904761905
165.5 20.4166666666667
166.0 19.8571428571428
166.5 19.297619047619
167.0 18.7380952380952
167.5 18.1785714285714
168.0 17.6190476190476
168.5 17.0595238095238
169.0 16.5
169.5 15.9404761904762
170.0 15.3809523809524
170.5 14.8214285714286
171.0 14.2619047619048
171.5 13.7023809523809
172.0 13.1428571428571
172.5 12.5833333333333
173.0 12.0238095238095
173.5 11.4642857142857
174.0 10.9047619047619
174.5 10.3452380952381
175.0 9.78571428571428
175.5 9.22619047619045
176.0 8.66666666666666
176.5 8.10714285714283
177.0 7.54761904761904
177.5 6.98809523809521
178.0 6.42857142857142
178.5 5.86904761904759
179.0 5.3095238095238
179.5 4.75
180.0 4.19047619047618
180.5 3.63095238095238
181.0 3.07142857142856
181.5 2.51190476190476
182.0 1.95238095238093
182.5 1.39285714285714
183.0 0.833333333333314
183.5 0.273809523809518
184.0 -0.285714285714306
184.5 -0.845238095238102
185.0 -1.40476190476193
185.5 -1.96428571428572
186.0 -2.52380952380955
186.5 -3.08333333333334
187.0 -3.64285714285717
187.5 -4.20238095238096
188.0 -4.76190476190479
188.5 -5.32142857142858
189.0 -5.88095238095241
189.5 -6.4404761904762
190.0 -7.00000000000003
190.5 -7.55952380952382
191.0 -8.11904761904765
191.5 -8.67857142857144
192.0 -9.23809523809524
192.5 -9.79761904761907
193.0 -10.3571428571429
193.5 -10.9166666666667
194.0 -11.4761904761905
194.5 -12.0357142857143
195.0 -12.5952380952381
195.5 -13.1547619047619
196.0 -13.7142857142857
196.5 -14.2738095238095
197.0 -14.8333333333333
197.5 -15.3928571428572
198.0 -15.952380952381
198.5 -16.5119047619048
199.0 -17.0714285714286
199.5 -17.6309523809524
200.0 -18.1904761904762
200.5 -18.75
201.0 -19.3095238095238
201.5 -19.8690476190476
202.0 -20.4285714285714
202.5 -20.9880952380953
203.0 -21.5476190476191
203.5 -22.1071428571429
204.0 -22.6666666666667
204.5 -23.2261904761905
205.0 -23.7857142857143
205.5 -24.3452380952381
206.0 -24.9047619047619
206.5 -25.4642857142857
207.0 -26.0238095238095
207.5 -26.5833333333333
208.0 -27.1428571428572
208.5 -27.702380952381
209.0 -28.2619047619048
209.5 -28.8214285714286
210.0 -29.3809523809524
210.5 -29.9404761904762
211.0 -30.5
211.5 -31.0595238095238
212.0 -31.6190476190476
212.5 -32.1785714285714
213.0 -32.7380952380953
213.5 -33.2976190476191
214.0 -33.8571428571429
214.5 -34.4166666666667
215.0 -34.9761904761905
215.5 -35.5357142857143
216.0 -36.0952380952381
216.5 -36.6547619047619
217.0 -37.2142857142858
217.5 -37.7738095238095
218.0 -38.3333333333333
218.5 -38.8928571428572
219.0 -39.452380952381
219.5 -40.0119047619048
220.0 -40.5714285714286
220.5 -41.1309523809524
221.0 -41.6904761904762
221.5 -42.25
222.0 -42.8095238095238
222.5 -43.3690476190476
223.0 -43.9285714285714
223.5 -44.4880952380953
224.0 -45.0476190476191
224.5 -45.6071428571429
225.0 -46.1666666666667
225.5 -46.7261904761905
226.0 -47.2857142857143
226.5 -47.8452380952381
227.0 -48.4047619047619
227.5 -48.9642857142858
228.0 -49.5238095238095
228.5 -50.0833333333334
229.0 -50.6428571428572
229.5 -51.202380952381
230.0 -51.7619047619048
230.5 -52.3214285714286
231.0 -52.8809523809524
231.5 -53.4404761904762
232.0 -54.0
